Webots Project File version R2023b
perspectives: 000000ff00000000fd00000002000000010000028300000318fc0200000001fb0000001400540065007800740045006400690074006f0072010000001b000003180000008e00ffffff000000030000078000000089fc0100000001fb0000001a0043006f006e0073006f006c00650041006c006c0041006c006c0100000000000007800000006900ffffff000004fb0000031800000001000000020000000100000008fc00000000
simulationViewPerspectives: 000000ff00000001000000020000015d000003990100000002010000000100
sceneTreePerspectives: 000000ff000000010000000300000023000000c0000000fa0100000002010000000200
maximizedDockId: -1
centralWidgetVisible: 1
orthographicViewHeight: 1
textFiles: 0 "controllers/FirstChallengeController/FirstChallengeController.cpp" "controllers/BasicController/BasicController.cpp"
consoles: Console:All:All
renderingDevicePerspectives: robot:camera;1;2.73438;0.00217155;0.0308642
